Column 1: year
  Column 2: Tsh_noise (K)
  Column 3: Tnh_noise (K)
  Column 4: monsoon noise (K)
     0   7.07649751282719e-02  -1.11982037408391e-01   1.20869628174291e+00
   1  -1.72363992459535e-01  -1.24022144007393e-01   1.27979993494317e+01
   2  -7.16196935244525e-02  -4.15972302228155e-02   4.63828370814509e+00
   3  -1.47693421942825e-02  -1.54126016651322e-01   1.14820177908788e+01
   4  -1.07870841017089e-01  -1.11646300050089e-01  -4.90497290924637e+00
   5   6.03578452455970e-02   4.17988399843327e-02  -1.79445462077490e+00
   6   1.02746512445566e-01   6.51325800394895e-02   5.56375720319890e+00
   7   2.42048676331087e-02  -7.89106775388426e-02   5.91943822943955e+00
   8  -1.24669315813504e-01  -6.61168642409811e-02  -9.50512012318242e+00
   9   3.09602533077782e-02   8.76457268630556e-02  -3.84354962090568e+00
  10  -7.12554592300329e-02   8.32415205633206e-02   1.07800967470243e+00
  11  -2.45761006690211e-02   3.24138269759145e-03   6.10571331431199e+00
  12   1.12029801540919e-01  -3.39133418128508e-02  -2.06680443450455e+00
  13   9.07919035190091e-02  -8.86935405877130e-02   2.72162111725596e-01
  14  -1.39879037666339e-01  -8.14975668402754e-02   4.06691734091052e+00
  15  -4.60891923580424e-02   3.10854213520236e-02  -9.53890367974777e-01
  16   4.85953403880993e-02   1.01405397677115e-01   5.94225848370302e+00
  17   2.30275417323210e-01   1.35492967973228e-01   3.73116627911751e+00
  18  -8.29730522790671e-02  -2.36450072227622e-01   7.42919126442091e-01
  19   8.69911014615606e-02   7.61377136405519e-02  -6.88042468187439e+00
  20   9.55383695736243e-02  -1.42883319122604e-01   1.29453094666765e+00
  21  -1.09729619926933e-01   2.28594034390864e-02   7.16709626593355e-01
  22  -1.51401273351180e-01  -1.23914609597972e-01  -6.88399508992012e+00
  23  -9.62913268485383e-02   1.56512376972891e-01  -4.82081887909889e+00
  24  -1.82441015305879e-01  -1.30695158123079e-01  -1.62571892410029e+00
  25  -9.43208774554673e-02  -8.24816659486958e-02   2.03206174328397e+00
  26   3.52030939075364e-02   5.21852154204508e-02  -9.68916410201098e-01
  27  -6.15130349052657e-02   6.50220570714630e-02   1.18904209747519e+01
  28  -2.37049290748910e-02  -8.27959145424266e-02  -1.91668535289760e+00
  29  -9.93609897657083e-02  -2.09608971234340e-01  -1.20282453454314e+00
  30  -2.07151391313124e-01  -2.05949621381231e-01  -1.17046851470938e+00
  31  -9.85784230480864e-02  -8.35411847213110e-03   7.58732706741380e+00
  32   3.01343355604340e-02  -1.38675529565895e-01  -4.29535707529608e+00
  33  -3.90098051733971e-02  -5.11605883542684e-02   1.26252558716282e+01
  34   7.91298034227733e-02   3.30655502436807e-02  -3.50112628883279e+00
  35   1.14073873366459e-01  -4.20578552864582e-02   6.34297164238720e+00
  36  -1.48120394824424e-02   9.80266350571291e-02  -2.39038125040288e-01
  37   1.13274425218249e-01   2.00757712325510e-01   4.75161480000612e+00
  38  -5.50122094817703e-02  -2.21363463968681e-02  -1.52207788676463e+00
  39   6.77813778887212e-03  -8.37635005933871e-02  -9.18012107641077e-01
  40   5.31173534840593e-02   1.11681898627597e-01  -4.86481282362891e+00
  41   4.72054722025312e-02   1.32765850445687e-01   3.46173174366156e+00
  42  -1.54133112715182e-02  -5.17989368601165e-02  -5.77303430704161e-01
  43  -2.98793248110169e-03   2.68595965544127e-02   1.24704965612683e+00
  44   6.66335081362374e-02   3.23739761905015e-02   6.39796794900410e+00
  45  -7.77285748440733e-03  -4.66547664836681e-02   4.41701984742986e+00
  46  -3.69438439825285e-02  -9.78165191464180e-03   5.41991017582399e+00
  47  -8.09805560010551e-02  -8.48129148011676e-02  -6.10122274228270e-02
  48  -1.42142831107999e-02   3.82093264334153e-02   2.73793286921905e-01
  49   7.07147828984205e-03   7.89320074150368e-02   1.08951803912487e+00
  50   1.56318478949940e-01   1.12395897741129e-01  -3.95149894030542e+00
  51  -1.02461236086061e-01   1.47176179250381e-01  -1.18078374231293e+01
  52   1.43378584751549e-01   4.74602740790911e-02  -6.47105491301442e+00
  53   2.04755432009590e-02  -1.99088992758138e-01   5.47249013778191e-01
  54  -3.66938901165001e-03  -3.69576224012593e-02  -5.20995395960874e+00
  55  -6.48734779594609e-02  -1.29604930498473e-01   6.96270918552058e-03
  56  -9.94459169566721e-04   3.54975536795558e-02   2.48580069350511e+00
  57   9.60819429979383e-02  -1.83800065651925e-01  -6.64989866352695e+00
  58  -2.09855637458767e-01  -1.35218391873872e-01  -5.89788956930150e+00
  59   1.25356888639609e-01   3.33117432236579e-02  -3.26996968366198e+00
  60   7.35916253609452e-02  -2.25859103885361e-02   9.03379788372196e+00
  61   8.12928784933031e-03   7.24513607304599e-02  -5.09796202753775e+00
  62   8.47598134347216e-02  -6.58220840331278e-02  -3.41838753576858e+00
  63   2.64836649522907e-02   2.44803061734805e-02   1.61878585642398e+00
  64  -2.76340477019403e-02  -9.59730286547587e-02  -1.75982350579937e+00
  65   2.25406620600738e-02  -4.17672887904298e-02   6.51574261583127e+00
  66   1.09444787670014e-02   8.84736165925855e-02   1.77853934598274e+00
  67  -1.84514121866149e-01  -2.55429568043074e-01  -4.82622776861556e+00
  68  -1.43703437620990e-02   2.16587726953108e-02   6.22895935192515e+00
  69   8.73574283836037e-02  -8.54575034259555e-02  -2.34050843669317e+00
  70  -1.01949423082452e-01   1.01311841008090e-02   5.40833237468722e+00
  71   1.42741333221112e-02  -1.38103628743728e-01   7.57757647700482e-01
  72   4.27984998518091e-02  -7.58983426424048e-02   1.76451151366793e+00
  73  -6.63570915986530e-02  -6.42003172374932e-03  -1.24335073099741e+00
  74   1.04058169137876e-01   1.81956905727292e-01   3.40462312833488e+00
  75   5.60623250136112e-03  -3.83762488909647e-02  -8.59529757272016e+00
  76  -6.73875985946608e-02  -7.65577979718544e-02   5.75526275451796e+00
  77  -1.20889984859603e-01   6.00164243390708e-03  -2.53167394856307e+00
  78  -1.99334406580253e-02  -1.24914490283783e-01   8.56831113820502e+00
  79   1.10376586368151e-01   1.12933176455207e-01  -7.14416323511921e+00
  80   9.99374338756603e-02   1.42016399373893e-01   1.49098837747003e+00
  81  -1.20809343062323e-01  -7.21014403403959e-02   2.24135341903615e+00
  82   2.36990004382227e-01   1.39095874365450e-01   8.17683875182519e-01
  83  -1.37617051292257e-03   1.03107166247810e-01  -1.22959035576673e+00
  84   4.03918795194918e-02   4.70961062397266e-02  -5.83594819897008e+00
  85   3.08581948004167e-02  -5.96307014119413e-02  -1.31779350289996e+01
  86   9.76984843355264e-02  -7.32111358903793e-02   4.90931506616546e-01
  87   9.52684095078987e-02  -1.18703219875041e-01  -4.29784951291355e+00
  88  -1.62522959288465e-01  -2.41194332496056e-01  -2.50674554649930e+00
  89  -1.54032521274119e-01  -2.52522976096337e-01  -3.03666278079502e+00
  90   2.80862832462947e-02  -5.66976564319710e-02   6.24302826025991e-01
  91  -6.33182393240758e-02  -6.38511637711509e-02   5.79330787796655e+00
  92   1.03598278489851e-02  -1.18278373202129e-01  -6.63598322062007e-01
  93   1.08712452556478e-02  -9.55006651155444e-03   7.87885377395954e+00
  94  -7.52444389567348e-02  -2.70787885178949e-02  -9.28868192089480e+00
  95   1.37981094965261e-01   1.86230915160860e-01   5.95666975707855e+00
  96  -3.63799387198625e-03  -1.72180425561531e-02  -3.99963526360472e+00
  97  -1.23498167850334e-01  -2.27012724774034e-01   4.29437153287393e+00
  98   1.79749714182393e-01   3.59086046660707e-03   4.63600687553655e+00
  99   6.84232675766436e-02   1.18744498788993e-01   1.81022347721026e+00
 100   5.05529280704940e-02   1.95101051614841e-01  -4.13174724437961e-01
 101  -4.26345532759486e-02   9.95440362401655e-02  -4.52454944267093e+00
 102  -1.90160890550778e-02   1.52956210843928e-03  -6.63891987829036e-01
 103   5.64869788591608e-02  -5.69772202089011e-02   4.01974923446612e-01
 104   1.68722484924902e-02  -4.66116626261655e-02   3.98264160320850e+00
 105  -8.65984139643146e-02  -1.15527034640204e-01  -2.25227677431403e+00
 106  -1.70842433269994e-01  -1.60661861090516e-01   9.49012232731114e+00
 107   7.21091086837634e-02   2.04447942360214e-01  -4.18837904486672e+00
 108  -7.29002875855134e-02  -1.54523930930833e-01  -1.55734534716034e+00
 109  -4.38262633950506e-02  -4.48881650249953e-02  -7.37938643783970e+00
 110  -1.86130043500998e-02   2.66232781070140e-02  -3.17139353633832e+00
 111   4.67850060553694e-02   1.60822073627470e-01  -3.95202936763662e+00
 112  -8.96172528713929e-02  -1.23471992563398e-02  -2.54295396237723e+00
 113  -1.23008315269596e-02  -3.02933565940595e-02   4.92650320583532e+00
 114  -8.84589463882628e-03   4.30802891818783e-02   4.27670838613599e+00
 115   3.06474566146690e-02  -3.11089703213917e-02   4.39362953355851e+00
 116   1.18388985745374e-01  -4.92367650173271e-02  -6.56960530936614e+00
 117  -1.45434203913949e-01   1.27529347663062e-01   3.34687151202720e+00
 118   5.21009144429030e-03   7.03952887408026e-02  -3.71064401465621e-01
 119   1.57369260593099e-01  -1.44780648592481e-02   1.04194909702304e+01
 120   1.18178232360243e-01   3.27696109269216e-02  -3.13848988963063e+00
 121  -9.04162955548148e-02  -8.20240869096649e-02   8.40741485800161e-01
 122   2.17857818396345e-01   9.90047732666660e-02  -2.85730798242493e+00
 123   3.78945606643046e-02  -4.21244991543963e-03   2.00637260828690e+00
 124  -3.13312779451152e-02  -1.17903550954641e-01   1.23596958884626e+01
 125  -4.14949493268674e-02   4.06283375644022e-02  -7.96122017201067e+00
 126   6.81573658924846e-02  -2.96680808319335e-02  -1.44675188298923e+00
 127  -9.12840746448744e-02  -6.95789733608408e-02   1.90340804577504e+00
 128   1.12181468973199e-02   6.71894120040190e-02  -7.50729673412940e+00
 129  -2.55047789546299e-01  -3.81918437696637e-02  -1.34219325243950e+00
 130  -1.70400339934786e-01  -1.96829737202228e-01  -2.38162502686855e+00
 131  -2.43125486321979e-01  -1.20273835055214e-01   4.96709384648678e+00
 132  -1.47399779467047e-01  -8.65838537895806e-02  -9.56624065561294e+00
 133   2.42911642875842e-02   3.56515268509897e-02   2.70001001210244e+00
 134   1.11515938425226e-02   1.97797275958345e-01   1.30995551607460e+00
 135  -1.42118531168620e-02  -5.66464856999807e-02   5.35649305690696e+00
 136   1.41259515794249e-01   6.88700966291813e-02   4.68429412316551e+00
 137   9.29539101965634e-03  -9.42319365519538e-02  -3.68343197491767e+00
 138   8.85827415511478e-02   8.35784268039817e-02   7.21724420953816e-02
 139  -5.36205401241739e-02  -1.93694945872380e-01   4.00084932280317e+00
 140   1.45911495199637e-01   1.28798719473981e-01   2.41252389784807e+00
 141   1.29486513331680e-01  -1.40988763240928e-01   2.95683338962275e+00
 142   2.05732914624236e-02   8.74736185364738e-02   8.78004891486655e+00
 143   1.10194053247684e-01   2.59536336489095e-01   4.20369473051064e+00
 144  -1.87906198508351e-01  -9.92266994943366e-02  -1.77376160182960e+00
 145  -1.97361084828675e-02  -1.61827098068734e-01  -4.74352257828269e+00
 146   9.28422595784739e-02   2.16669904386513e-01   1.04421219752484e+01
 147  -1.10267677589411e-01  -1.91655316735293e-01   2.14303653148395e+00
 148  -2.57657416185156e-01  -9.21949940782106e-02  -7.43606192882941e+00
 149   4.85237764027813e-02  -2.21816503501270e-02  -6.43376332324081e+00
 150   9.61258116249294e-02   6.63237882919466e-02  -3.06049431619112e+00
 151  -2.48191760044219e-02   9.01577650030068e-02  -3.33476783431497e+00
 152  -2.08831086932571e-01  -1.65327737945615e-02  -1.06819075749647e-01
 153   1.03196930100061e-01  -4.77731746236806e-02  -4.39900960041463e+00
 154   1.45375546580194e-01   4.60691764660216e-02   9.68934051387810e-01
 155  -1.76121911020181e-02   2.04562948469492e-01   7.75275159226216e+00
 156  -7.29578167352180e-02   1.48281828731457e-02   1.40079343878079e+00
 157  -2.58136205810283e-01  -1.82877981193101e-02   5.86334931758781e-02
 158  -1.53998013892861e-01  -7.74195512539334e-02  -6.64625201288220e+00
 159  -4.52881418219167e-02  -1.16821285223855e-01   5.70911507132771e+00
 160   6.87829054276713e-02  -1.98210197638254e-01   5.66710134233509e-02
 161  -1.63085970571253e-02   2.84911557169331e-02  -3.91776133620532e+00
 162   1.42266097955243e-01   1.49020348751629e-01  -6.09299094206079e+00
 163   2.27721880875083e-01   2.41809578996251e-02  -7.45302177780037e-01
 164  -2.51074308736211e-02   4.11247006613968e-02  -1.20609035960770e+00
 165  -5.84041526178150e-02   4.66683210911454e-02   7.32079486988791e+00
 166  -2.19650232527311e-02   1.65763215221541e-01   4.79339184870440e+00
 167  -6.40399482138000e-02  -5.81717798634764e-02  -6.28592210900823e+00
 168  -1.37507845958254e-01  -5.74227557631944e-02  -6.71573415156234e+00
 169  -1.97329742646402e-02  -5.62980585603220e-02  -1.27148051403145e+01
 170   3.55532857659781e-03  -2.42785994762316e-02   6.17828475270759e+00
 171   1.47284700724662e-01   1.58074528393680e-01   1.18661511679140e+00
 172  -6.03651490158665e-02   3.03764560785913e-03   1.99656588413471e+00
 173  -8.09224771416879e-02  -1.06174847505529e-01  -8.47353986611990e-01
 174   2.83260140899248e-01   5.53413552118580e-02   2.71036489232953e+00
 175   2.41180356430630e-01   1.18979674427429e-01  -2.55871264897352e+00
 176  -1.18141720793015e-01   5.91933729590259e-02  -3.82989320988403e-01
 177   4.23738138559156e-02  -6.78600019582436e-03  -2.97122656490719e+00
 178   6.14182339111622e-02  -1.10337839169721e-01  -5.18204411754047e+00
 179   1.22446206891744e-02  -1.06264375873520e-01  -8.26119574779603e+00
 180   2.35630645765596e-01   1.08564459829337e-01  -1.38106329792042e+00
 181  -1.37644293875632e-01   9.57889142661404e-02  -3.00710186170711e+00
 182  -7.41687364132474e-02   1.13553137713117e-01   1.42970472295056e+00
 183  -5.13510071847658e-02  -9.67867712164574e-02   7.11095582857391e+00
 184   2.07552440588094e-03  -6.46014496541499e-02   1.17053992013981e-02
 185  -1.02026372879440e-01  -8.16224578761935e-02   4.47977904128558e+00
 186   3.64901380428284e-02   1.54446923846936e-01   4.13421240218536e+00
 187   2.57991310912491e-01   1.45130241304059e-01  -5.28026392977678e+00
 188  -7.71379620295268e-03   3.13694358051018e-01   2.22045531637002e-02
 189   3.41684076007464e-02   2.96901519742272e-02  -3.92037014556672e+00
 190   1.75772621104823e-01   3.41721365129036e-02   6.30280817715381e-01
 191  -7.04444271231383e-02  -2.39572368766402e-02   4.23597608380014e-01
 192  -9.88670374036483e-02   1.12118639109215e-01  -1.52303569988230e+00
 193   6.82089322470649e-03  -8.60050748802839e-02   8.39080523955190e-01
 194  -5.45709481176240e-02  -1.21371749598169e-01  -2.35949807361136e+00
 195   9.74130284229188e-02   6.24236691145480e-02  -1.77139985665689e+00
 196   2.96152825405280e-02   1.10518996324610e-01  -6.65471848742826e-01
 197  -1.15215652083721e-02  -5.73984727152838e-03  -5.74376196731760e+00
 198   1.10038565469082e-01   4.78353457271445e-02   2.08182554713617e+00
 199  -1.05924217483167e-01  -1.02479069068616e-01   5.85868764184727e+00
